"","month_year","water_year","month","season","position","Node","Probability_Threshold","n_days","Species","Life_Stage","Hydraulic"
"1",2010-01-01,2010,1,"non_critical","LOB","LA3","Low",30,"Typha","Adult","Depth"
"2",2010-01-01,2010,1,"non_critical","MC","LA3","Low",28,"Typha","Adult","Depth"
"3",2010-01-01,2010,1,"non_critical","ROB","LA3","Low",30,"Typha","Adult","Depth"
"4",2011-01-01,2011,1,"non_critical","LOB","LA3","Low",29,"Typha","Adult","Depth"
"5",2011-01-01,2011,1,"non_critical","MC","LA3","Low",29,"Typha","Adult","Depth"
"6",2011-01-01,2011,1,"non_critical","ROB","LA3","Low",29,"Typha","Adult","Depth"
"7",2012-01-01,2012,1,"non_critical","LOB","LA3","Low",30,"Typha","Adult","Depth"
"8",2012-01-01,2012,1,"non_critical","MC","LA3","Low",28,"Typha","Adult","Depth"
"9",2012-01-01,2012,1,"non_critical","ROB","LA3","Low",30,"Typha","Adult","Depth"
"10",2013-01-01,2013,1,"non_critical","LOB","LA3","Low",31,"Typha","Adult","Depth"
"11",2013-01-01,2013,1,"non_critical","MC","LA3","Low",31,"Typha","Adult","Depth"
"12",2013-01-01,2013,1,"non_critical","ROB","LA3","Low",31,"Typha","Adult","Depth"
"13",2014-01-01,2014,1,"non_critical","LOB","LA3","Low",29,"Typha","Adult","Depth"
"14",2014-01-01,2014,1,"non_critical","MC","LA3","Low",28,"Typha","Adult","Depth"
"15",2014-01-01,2014,1,"non_critical","ROB","LA3","Low",29,"Typha","Adult","Depth"
"16",2015-01-01,2015,1,"non_critical","LOB","LA3","Low",27,"Typha","Adult","Depth"
"17",2015-01-01,2015,1,"non_critical","MC","LA3","Low",27,"Typha","Adult","Depth"
"18",2015-01-01,2015,1,"non_critical","ROB","LA3","Low",27,"Typha","Adult","Depth"
"19",2016-01-01,2016,1,"non_critical","LOB","LA3","Low",22,"Typha","Adult","Depth"
"20",2016-01-01,2016,1,"non_critical","MC","LA3","Low",20,"Typha","Adult","Depth"
"21",2016-01-01,2016,1,"non_critical","ROB","LA3","Low",22,"Typha","Adult","Depth"
"22",2010-02-01,2010,2,"non_critical","LOB","LA3","Low",23,"Typha","Adult","Depth"
"23",2010-02-01,2010,2,"non_critical","MC","LA3","Low",22,"Typha","Adult","Depth"
"24",2010-02-01,2010,2,"non_critical","ROB","LA3","Low",23,"Typha","Adult","Depth"
"25",2011-02-01,2011,2,"non_critical","LOB","LA3","Low",29,"Typha","Adult","Depth"
"26",2011-02-01,2011,2,"non_critical","MC","LA3","Low",29,"Typha","Adult","Depth"
"27",2011-02-01,2011,2,"non_critical","ROB","LA3","Low",29,"Typha","Adult","Depth"
"28",2012-02-01,2012,2,"non_critical","LOB","LA3","Low",27,"Typha","Adult","Depth"
"29",2012-02-01,2012,2,"non_critical","MC","LA3","Low",26,"Typha","Adult","Depth"
"30",2012-02-01,2012,2,"non_critical","ROB","LA3","Low",27,"Typha","Adult","Depth"
"31",2013-02-01,2013,2,"non_critical","LOB","LA3","Low",25,"Typha","Adult","Depth"
"32",2013-02-01,2013,2,"non_critical","MC","LA3","Low",24,"Typha","Adult","Depth"
"33",2013-02-01,2013,2,"non_critical","ROB","LA3","Low",25,"Typha","Adult","Depth"
"34",2014-02-01,2014,2,"non_critical","LOB","LA3","Low",27,"Typha","Adult","Depth"
"35",2014-02-01,2014,2,"non_critical","MC","LA3","Low",26,"Typha","Adult","Depth"
"36",2014-02-01,2014,2,"non_critical","ROB","LA3","Low",27,"Typha","Adult","Depth"
"37",2015-02-01,2015,2,"non_critical","LOB","LA3","Low",27,"Typha","Adult","Depth"
"38",2015-02-01,2015,2,"non_critical","MC","LA3","Low",27,"Typha","Adult","Depth"
"39",2015-02-01,2015,2,"non_critical","ROB","LA3","Low",27,"Typha","Adult","Depth"
"40",2016-02-01,2016,2,"non_critical","LOB","LA3","Low",22,"Typha","Adult","Depth"
"41",2016-02-01,2016,2,"non_critical","MC","LA3","Low",21,"Typha","Adult","Depth"
"42",2016-02-01,2016,2,"non_critical","ROB","LA3","Low",22,"Typha","Adult","Depth"
"43",2010-03-01,2010,3,"non_critical","LOB","LA3","Low",25,"Typha","Adult","Depth"
"44",2010-03-01,2010,3,"non_critical","MC","LA3","Low",23,"Typha","Adult","Depth"
"45",2010-03-01,2010,3,"non_critical","ROB","LA3","Low",25,"Typha","Adult","Depth"
"46",2011-03-01,2011,3,"non_critical","LOB","LA3","Low",28,"Typha","Adult","Depth"
"47",2011-03-01,2011,3,"non_critical","MC","LA3","Low",27,"Typha","Adult","Depth"
"48",2011-03-01,2011,3,"non_critical","ROB","LA3","Low",28,"Typha","Adult","Depth"
"49",2012-03-01,2012,3,"non_critical","LOB","LA3","Low",30,"Typha","Adult","Depth"
"50",2012-03-01,2012,3,"non_critical","MC","LA3","Low",29,"Typha","Adult","Depth"
"51",2012-03-01,2012,3,"non_critical","ROB","LA3","Low",30,"Typha","Adult","Depth"
"52",2013-03-01,2013,3,"non_critical","LOB","LA3","Low",30,"Typha","Adult","Depth"
"53",2013-03-01,2013,3,"non_critical","MC","LA3","Low",30,"Typha","Adult","Depth"
"54",2013-03-01,2013,3,"non_critical","ROB","LA3","Low",30,"Typha","Adult","Depth"
"55",2014-03-01,2014,3,"non_critical","LOB","LA3","Low",29,"Typha","Adult","Depth"
"56",2014-03-01,2014,3,"non_critical","MC","LA3","Low",29,"Typha","Adult","Depth"
"57",2014-03-01,2014,3,"non_critical","ROB","LA3","Low",29,"Typha","Adult","Depth"
"58",2015-03-01,2015,3,"non_critical","LOB","LA3","Low",28,"Typha","Adult","Depth"
"59",2015-03-01,2015,3,"non_critical","MC","LA3","Low",28,"Typha","Adult","Depth"
"60",2015-03-01,2015,3,"non_critical","ROB","LA3","Low",28,"Typha","Adult","Depth"
"61",2016-03-01,2016,3,"non_critical","LOB","LA3","Low",31,"Typha","Adult","Depth"
"62",2016-03-01,2016,3,"non_critical","MC","LA3","Low",30,"Typha","Adult","Depth"
"63",2016-03-01,2016,3,"non_critical","ROB","LA3","Low",31,"Typha","Adult","Depth"
"64",2010-04-01,2010,4,"critical","LOB","LA3","Low",30,"Typha","Adult","Depth"
"65",2010-04-01,2010,4,"critical","MC","LA3","Low",30,"Typha","Adult","Depth"
"66",2010-04-01,2010,4,"critical","ROB","LA3","Low",30,"Typha","Adult","Depth"
"67",2011-04-01,2011,4,"critical","LOB","LA3","Low",26,"Typha","Adult","Depth"
"68",2011-04-01,2011,4,"critical","MC","LA3","Low",26,"Typha","Adult","Depth"
"69",2011-04-01,2011,4,"critical","ROB","LA3","Low",26,"Typha","Adult","Depth"
"70",2012-04-01,2012,4,"critical","LOB","LA3","Low",30,"Typha","Adult","Depth"
"71",2012-04-01,2012,4,"critical","MC","LA3","Low",30,"Typha","Adult","Depth"
"72",2012-04-01,2012,4,"critical","ROB","LA3","Low",30,"Typha","Adult","Depth"
"73",2013-04-01,2013,4,"critical","LOB","LA3","Low",29,"Typha","Adult","Depth"
"74",2013-04-01,2013,4,"critical","MC","LA3","Low",29,"Typha","Adult","Depth"
"75",2013-04-01,2013,4,"critical","ROB","LA3","Low",29,"Typha","Adult","Depth"
"76",2014-04-01,2014,4,"critical","LOB","LA3","Low",30,"Typha","Adult","Depth"
"77",2014-04-01,2014,4,"critical","MC","LA3","Low",29,"Typha","Adult","Depth"
"78",2014-04-01,2014,4,"critical","ROB","LA3","Low",30,"Typha","Adult","Depth"
"79",2015-04-01,2015,4,"critical","LOB","LA3","Low",30,"Typha","Adult","Depth"
"80",2015-04-01,2015,4,"critical","MC","LA3","Low",27,"Typha","Adult","Depth"
"81",2015-04-01,2015,4,"critical","ROB","LA3","Low",30,"Typha","Adult","Depth"
"82",2016-04-01,2016,4,"critical","LOB","LA3","Low",30,"Typha","Adult","Depth"
"83",2016-04-01,2016,4,"critical","MC","LA3","Low",30,"Typha","Adult","Depth"
"84",2016-04-01,2016,4,"critical","ROB","LA3","Low",30,"Typha","Adult","Depth"
"85",2010-05-01,2010,5,"critical","LOB","LA3","Low",30,"Typha","Adult","Depth"
"86",2010-05-01,2010,5,"critical","MC","LA3","Low",29,"Typha","Adult","Depth"
"87",2010-05-01,2010,5,"critical","ROB","LA3","Low",30,"Typha","Adult","Depth"
"88",2011-05-01,2011,5,"critical","LOB","LA3","Low",31,"Typha","Adult","Depth"
"89",2011-05-01,2011,5,"critical","MC","LA3","Low",31,"Typha","Adult","Depth"
"90",2011-05-01,2011,5,"critical","ROB","LA3","Low",31,"Typha","Adult","Depth"
"91",2012-05-01,2012,5,"critical","LOB","LA3","Low",29,"Typha","Adult","Depth"
"92",2012-05-01,2012,5,"critical","MC","LA3","Low",29,"Typha","Adult","Depth"
"93",2012-05-01,2012,5,"critical","ROB","LA3","Low",29,"Typha","Adult","Depth"
"94",2013-05-01,2013,5,"critical","LOB","LA3","Low",31,"Typha","Adult","Depth"
"95",2013-05-01,2013,5,"critical","MC","LA3","Low",31,"Typha","Adult","Depth"
"96",2013-05-01,2013,5,"critical","ROB","LA3","Low",31,"Typha","Adult","Depth"
"97",2014-05-01,2014,5,"critical","LOB","LA3","Low",30,"Typha","Adult","Depth"
"98",2014-05-01,2014,5,"critical","MC","LA3","Low",30,"Typha","Adult","Depth"
"99",2014-05-01,2014,5,"critical","ROB","LA3","Low",30,"Typha","Adult","Depth"
"100",2015-05-01,2015,5,"critical","LOB","LA3","Low",30,"Typha","Adult","Depth"
"101",2015-05-01,2015,5,"critical","MC","LA3","Low",30,"Typha","Adult","Depth"
"102",2015-05-01,2015,5,"critical","ROB","LA3","Low",30,"Typha","Adult","Depth"
"103",2016-05-01,2016,5,"critical","LOB","LA3","Low",31,"Typha","Adult","Depth"
"104",2016-05-01,2016,5,"critical","MC","LA3","Low",30,"Typha","Adult","Depth"
"105",2016-05-01,2016,5,"critical","ROB","LA3","Low",31,"Typha","Adult","Depth"
"106",2010-06-01,2010,6,"critical","LOB","LA3","Low",30,"Typha","Adult","Depth"
"107",2010-06-01,2010,6,"critical","MC","LA3","Low",30,"Typha","Adult","Depth"
"108",2010-06-01,2010,6,"critical","ROB","LA3","Low",30,"Typha","Adult","Depth"
"109",2011-06-01,2011,6,"critical","LOB","LA3","Low",30,"Typha","Adult","Depth"
"110",2011-06-01,2011,6,"critical","MC","LA3","Low",30,"Typha","Adult","Depth"
"111",2011-06-01,2011,6,"critical","ROB","LA3","Low",30,"Typha","Adult","Depth"
"112",2012-06-01,2012,6,"critical","LOB","LA3","Low",30,"Typha","Adult","Depth"
"113",2012-06-01,2012,6,"critical","MC","LA3","Low",30,"Typha","Adult","Depth"
"114",2012-06-01,2012,6,"critical","ROB","LA3","Low",30,"Typha","Adult","Depth"
"115",2013-06-01,2013,6,"critical","LOB","LA3","Low",30,"Typha","Adult","Depth"
"116",2013-06-01,2013,6,"critical","MC","LA3","Low",30,"Typha","Adult","Depth"
"117",2013-06-01,2013,6,"critical","ROB","LA3","Low",30,"Typha","Adult","Depth"
"118",2014-06-01,2014,6,"critical","LOB","LA3","Low",30,"Typha","Adult","Depth"
"119",2014-06-01,2014,6,"critical","MC","LA3","Low",30,"Typha","Adult","Depth"
"120",2014-06-01,2014,6,"critical","ROB","LA3","Low",30,"Typha","Adult","Depth"
"121",2015-06-01,2015,6,"critical","LOB","LA3","Low",30,"Typha","Adult","Depth"
"122",2015-06-01,2015,6,"critical","MC","LA3","Low",30,"Typha","Adult","Depth"
"123",2015-06-01,2015,6,"critical","ROB","LA3","Low",30,"Typha","Adult","Depth"
"124",2016-06-01,2016,6,"critical","LOB","LA3","Low",30,"Typha","Adult","Depth"
"125",2016-06-01,2016,6,"critical","MC","LA3","Low",30,"Typha","Adult","Depth"
"126",2016-06-01,2016,6,"critical","ROB","LA3","Low",30,"Typha","Adult","Depth"
"127",2010-07-01,2010,7,"critical","LOB","LA3","Low",31,"Typha","Adult","Depth"
"128",2010-07-01,2010,7,"critical","MC","LA3","Low",31,"Typha","Adult","Depth"
"129",2010-07-01,2010,7,"critical","ROB","LA3","Low",31,"Typha","Adult","Depth"
"130",2011-07-01,2011,7,"critical","LOB","LA3","Low",31,"Typha","Adult","Depth"
"131",2011-07-01,2011,7,"critical","MC","LA3","Low",31,"Typha","Adult","Depth"
"132",2011-07-01,2011,7,"critical","ROB","LA3","Low",31,"Typha","Adult","Depth"
"133",2012-07-01,2012,7,"critical","LOB","LA3","Low",31,"Typha","Adult","Depth"
"134",2012-07-01,2012,7,"critical","MC","LA3","Low",31,"Typha","Adult","Depth"
"135",2012-07-01,2012,7,"critical","ROB","LA3","Low",31,"Typha","Adult","Depth"
"136",2013-07-01,2013,7,"critical","LOB","LA3","Low",31,"Typha","Adult","Depth"
"137",2013-07-01,2013,7,"critical","MC","LA3","Low",31,"Typha","Adult","Depth"
"138",2013-07-01,2013,7,"critical","ROB","LA3","Low",31,"Typha","Adult","Depth"
"139",2014-07-01,2014,7,"critical","LOB","LA3","Low",31,"Typha","Adult","Depth"
"140",2014-07-01,2014,7,"critical","MC","LA3","Low",31,"Typha","Adult","Depth"
"141",2014-07-01,2014,7,"critical","ROB","LA3","Low",31,"Typha","Adult","Depth"
"142",2015-07-01,2015,7,"critical","LOB","LA3","Low",31,"Typha","Adult","Depth"
"143",2015-07-01,2015,7,"critical","MC","LA3","Low",31,"Typha","Adult","Depth"
"144",2015-07-01,2015,7,"critical","ROB","LA3","Low",31,"Typha","Adult","Depth"
"145",2016-07-01,2016,7,"critical","LOB","LA3","Low",31,"Typha","Adult","Depth"
"146",2016-07-01,2016,7,"critical","MC","LA3","Low",31,"Typha","Adult","Depth"
"147",2016-07-01,2016,7,"critical","ROB","LA3","Low",31,"Typha","Adult","Depth"
"148",2010-08-01,2010,8,"critical","LOB","LA3","Low",31,"Typha","Adult","Depth"
"149",2010-08-01,2010,8,"critical","MC","LA3","Low",31,"Typha","Adult","Depth"
"150",2010-08-01,2010,8,"critical","ROB","LA3","Low",31,"Typha","Adult","Depth"
"151",2011-08-01,2011,8,"critical","LOB","LA3","Low",31,"Typha","Adult","Depth"
"152",2011-08-01,2011,8,"critical","MC","LA3","Low",31,"Typha","Adult","Depth"
"153",2011-08-01,2011,8,"critical","ROB","LA3","Low",31,"Typha","Adult","Depth"
"154",2012-08-01,2012,8,"critical","LOB","LA3","Low",31,"Typha","Adult","Depth"
"155",2012-08-01,2012,8,"critical","MC","LA3","Low",31,"Typha","Adult","Depth"
"156",2012-08-01,2012,8,"critical","ROB","LA3","Low",31,"Typha","Adult","Depth"
"157",2013-08-01,2013,8,"critical","LOB","LA3","Low",31,"Typha","Adult","Depth"
"158",2013-08-01,2013,8,"critical","MC","LA3","Low",31,"Typha","Adult","Depth"
"159",2013-08-01,2013,8,"critical","ROB","LA3","Low",31,"Typha","Adult","Depth"
"160",2014-08-01,2014,8,"critical","LOB","LA3","Low",31,"Typha","Adult","Depth"
"161",2014-08-01,2014,8,"critical","MC","LA3","Low",31,"Typha","Adult","Depth"
"162",2014-08-01,2014,8,"critical","ROB","LA3","Low",31,"Typha","Adult","Depth"
"163",2015-08-01,2015,8,"critical","LOB","LA3","Low",31,"Typha","Adult","Depth"
"164",2015-08-01,2015,8,"critical","MC","LA3","Low",31,"Typha","Adult","Depth"
"165",2015-08-01,2015,8,"critical","ROB","LA3","Low",31,"Typha","Adult","Depth"
"166",2016-08-01,2016,8,"critical","LOB","LA3","Low",31,"Typha","Adult","Depth"
"167",2016-08-01,2016,8,"critical","MC","LA3","Low",31,"Typha","Adult","Depth"
"168",2016-08-01,2016,8,"critical","ROB","LA3","Low",31,"Typha","Adult","Depth"
"169",2010-09-01,2010,9,"critical","LOB","LA3","Low",30,"Typha","Adult","Depth"
"170",2010-09-01,2010,9,"critical","MC","LA3","Low",30,"Typha","Adult","Depth"
"171",2010-09-01,2010,9,"critical","ROB","LA3","Low",30,"Typha","Adult","Depth"
"172",2011-09-01,2011,9,"critical","LOB","LA3","Low",30,"Typha","Adult","Depth"
"173",2011-09-01,2011,9,"critical","MC","LA3","Low",30,"Typha","Adult","Depth"
"174",2011-09-01,2011,9,"critical","ROB","LA3","Low",30,"Typha","Adult","Depth"
"175",2012-09-01,2012,9,"critical","LOB","LA3","Low",30,"Typha","Adult","Depth"
"176",2012-09-01,2012,9,"critical","MC","LA3","Low",30,"Typha","Adult","Depth"
"177",2012-09-01,2012,9,"critical","ROB","LA3","Low",30,"Typha","Adult","Depth"
"178",2013-09-01,2013,9,"critical","LOB","LA3","Low",30,"Typha","Adult","Depth"
"179",2013-09-01,2013,9,"critical","MC","LA3","Low",30,"Typha","Adult","Depth"
"180",2013-09-01,2013,9,"critical","ROB","LA3","Low",30,"Typha","Adult","Depth"
"181",2014-09-01,2014,9,"critical","LOB","LA3","Low",30,"Typha","Adult","Depth"
"182",2014-09-01,2014,9,"critical","MC","LA3","Low",30,"Typha","Adult","Depth"
"183",2014-09-01,2014,9,"critical","ROB","LA3","Low",30,"Typha","Adult","Depth"
"184",2015-09-01,2015,9,"critical","LOB","LA3","Low",30,"Typha","Adult","Depth"
"185",2015-09-01,2015,9,"critical","MC","LA3","Low",30,"Typha","Adult","Depth"
"186",2015-09-01,2015,9,"critical","ROB","LA3","Low",30,"Typha","Adult","Depth"
"187",2016-09-01,2016,9,"critical","LOB","LA3","Low",30,"Typha","Adult","Depth"
"188",2016-09-01,2016,9,"critical","MC","LA3","Low",30,"Typha","Adult","Depth"
"189",2016-09-01,2016,9,"critical","ROB","LA3","Low",30,"Typha","Adult","Depth"
"190",2010-10-01,2010,10,"non_critical","LOB","LA3","Low",28,"Typha","Adult","Depth"
"191",2010-10-01,2010,10,"non_critical","MC","LA3","Low",26,"Typha","Adult","Depth"
"192",2010-10-01,2010,10,"non_critical","ROB","LA3","Low",28,"Typha","Adult","Depth"
"193",2011-10-01,2011,10,"non_critical","LOB","LA3","Low",30,"Typha","Adult","Depth"
"194",2011-10-01,2011,10,"non_critical","MC","LA3","Low",30,"Typha","Adult","Depth"
"195",2011-10-01,2011,10,"non_critical","ROB","LA3","Low",30,"Typha","Adult","Depth"
"196",2012-10-01,2012,10,"non_critical","LOB","LA3","Low",30,"Typha","Adult","Depth"
"197",2012-10-01,2012,10,"non_critical","MC","LA3","Low",30,"Typha","Adult","Depth"
"198",2012-10-01,2012,10,"non_critical","ROB","LA3","Low",30,"Typha","Adult","Depth"
"199",2013-10-01,2013,10,"non_critical","LOB","LA3","Low",30,"Typha","Adult","Depth"
"200",2013-10-01,2013,10,"non_critical","MC","LA3","Low",30,"Typha","Adult","Depth"
"201",2013-10-01,2013,10,"non_critical","ROB","LA3","Low",30,"Typha","Adult","Depth"
"202",2014-10-01,2014,10,"non_critical","LOB","LA3","Low",30,"Typha","Adult","Depth"
"203",2014-10-01,2014,10,"non_critical","MC","LA3","Low",30,"Typha","Adult","Depth"
"204",2014-10-01,2014,10,"non_critical","ROB","LA3","Low",30,"Typha","Adult","Depth"
"205",2015-10-01,2015,10,"non_critical","LOB","LA3","Low",30,"Typha","Adult","Depth"
"206",2015-10-01,2015,10,"non_critical","MC","LA3","Low",30,"Typha","Adult","Depth"
"207",2015-10-01,2015,10,"non_critical","ROB","LA3","Low",30,"Typha","Adult","Depth"
"208",2016-10-01,2016,10,"non_critical","LOB","LA3","Low",31,"Typha","Adult","Depth"
"209",2016-10-01,2016,10,"non_critical","MC","LA3","Low",30,"Typha","Adult","Depth"
"210",2016-10-01,2016,10,"non_critical","ROB","LA3","Low",31,"Typha","Adult","Depth"
"211",2010-11-01,2010,11,"non_critical","LOB","LA3","Low",28,"Typha","Adult","Depth"
"212",2010-11-01,2010,11,"non_critical","MC","LA3","Low",26,"Typha","Adult","Depth"
"213",2010-11-01,2010,11,"non_critical","ROB","LA3","Low",28,"Typha","Adult","Depth"
"214",2011-11-01,2011,11,"non_critical","LOB","LA3","Low",26,"Typha","Adult","Depth"
"215",2011-11-01,2011,11,"non_critical","MC","LA3","Low",26,"Typha","Adult","Depth"
"216",2011-11-01,2011,11,"non_critical","ROB","LA3","Low",26,"Typha","Adult","Depth"
"217",2012-11-01,2012,11,"non_critical","LOB","LA3","Low",27,"Typha","Adult","Depth"
"218",2012-11-01,2012,11,"non_critical","MC","LA3","Low",27,"Typha","Adult","Depth"
"219",2012-11-01,2012,11,"non_critical","ROB","LA3","Low",27,"Typha","Adult","Depth"
"220",2013-11-01,2013,11,"non_critical","LOB","LA3","Low",30,"Typha","Adult","Depth"
"221",2013-11-01,2013,11,"non_critical","MC","LA3","Low",28,"Typha","Adult","Depth"
"222",2013-11-01,2013,11,"non_critical","ROB","LA3","Low",30,"Typha","Adult","Depth"
"223",2014-11-01,2014,11,"non_critical","LOB","LA3","Low",28,"Typha","Adult","Depth"
"224",2014-11-01,2014,11,"non_critical","MC","LA3","Low",28,"Typha","Adult","Depth"
"225",2014-11-01,2014,11,"non_critical","ROB","LA3","Low",28,"Typha","Adult","Depth"
"226",2015-11-01,2015,11,"non_critical","LOB","LA3","Low",30,"Typha","Adult","Depth"
"227",2015-11-01,2015,11,"non_critical","MC","LA3","Low",30,"Typha","Adult","Depth"
"228",2015-11-01,2015,11,"non_critical","ROB","LA3","Low",30,"Typha","Adult","Depth"
"229",2016-11-01,2016,11,"non_critical","LOB","LA3","Low",27,"Typha","Adult","Depth"
"230",2016-11-01,2016,11,"non_critical","MC","LA3","Low",27,"Typha","Adult","Depth"
"231",2016-11-01,2016,11,"non_critical","ROB","LA3","Low",27,"Typha","Adult","Depth"
"232",2010-12-01,2010,12,"non_critical","LOB","LA3","Low",21,"Typha","Adult","Depth"
"233",2010-12-01,2010,12,"non_critical","MC","LA3","Low",20,"Typha","Adult","Depth"
"234",2010-12-01,2010,12,"non_critical","ROB","LA3","Low",21,"Typha","Adult","Depth"
"235",2011-12-01,2011,12,"non_critical","LOB","LA3","Low",29,"Typha","Adult","Depth"
"236",2011-12-01,2011,12,"non_critical","MC","LA3","Low",28,"Typha","Adult","Depth"
"237",2011-12-01,2011,12,"non_critical","ROB","LA3","Low",29,"Typha","Adult","Depth"
"238",2012-12-01,2012,12,"non_critical","LOB","LA3","Low",23,"Typha","Adult","Depth"
"239",2012-12-01,2012,12,"non_critical","MC","LA3","Low",23,"Typha","Adult","Depth"
"240",2012-12-01,2012,12,"non_critical","ROB","LA3","Low",23,"Typha","Adult","Depth"
"241",2013-12-01,2013,12,"non_critical","LOB","LA3","Low",30,"Typha","Adult","Depth"
"242",2013-12-01,2013,12,"non_critical","MC","LA3","Low",30,"Typha","Adult","Depth"
"243",2013-12-01,2013,12,"non_critical","ROB","LA3","Low",30,"Typha","Adult","Depth"
"244",2014-12-01,2014,12,"non_critical","LOB","LA3","Low",26,"Typha","Adult","Depth"
"245",2014-12-01,2014,12,"non_critical","MC","LA3","Low",25,"Typha","Adult","Depth"
"246",2014-12-01,2014,12,"non_critical","ROB","LA3","Low",26,"Typha","Adult","Depth"
"247",2015-12-01,2015,12,"non_critical","LOB","LA3","Low",29,"Typha","Adult","Depth"
"248",2015-12-01,2015,12,"non_critical","MC","LA3","Low",28,"Typha","Adult","Depth"
"249",2015-12-01,2015,12,"non_critical","ROB","LA3","Low",29,"Typha","Adult","Depth"
"250",2016-12-01,2016,12,"non_critical","LOB","LA3","Low",23,"Typha","Adult","Depth"
"251",2016-12-01,2016,12,"non_critical","MC","LA3","Low",23,"Typha","Adult","Depth"
"252",2016-12-01,2016,12,"non_critical","ROB","LA3","Low",23,"Typha","Adult","Depth"
"253",2010-01-01,2010,1,"non_critical","LOB","LA3","Medium",29,"Typha","Adult","Depth"
"254",2010-01-01,2010,1,"non_critical","MC","LA3","Medium",28,"Typha","Adult","Depth"
"255",2010-01-01,2010,1,"non_critical","ROB","LA3","Medium",29,"Typha","Adult","Depth"
"256",2011-01-01,2011,1,"non_critical","LOB","LA3","Medium",29,"Typha","Adult","Depth"
"257",2011-01-01,2011,1,"non_critical","MC","LA3","Medium",29,"Typha","Adult","Depth"
"258",2011-01-01,2011,1,"non_critical","ROB","LA3","Medium",29,"Typha","Adult","Depth"
"259",2012-01-01,2012,1,"non_critical","LOB","LA3","Medium",29,"Typha","Adult","Depth"
"260",2012-01-01,2012,1,"non_critical","MC","LA3","Medium",28,"Typha","Adult","Depth"
"261",2012-01-01,2012,1,"non_critical","ROB","LA3","Medium",29,"Typha","Adult","Depth"
"262",2013-01-01,2013,1,"non_critical","LOB","LA3","Medium",31,"Typha","Adult","Depth"
"263",2013-01-01,2013,1,"non_critical","MC","LA3","Medium",31,"Typha","Adult","Depth"
"264",2013-01-01,2013,1,"non_critical","ROB","LA3","Medium",31,"Typha","Adult","Depth"
"265",2014-01-01,2014,1,"non_critical","LOB","LA3","Medium",28,"Typha","Adult","Depth"
"266",2014-01-01,2014,1,"non_critical","MC","LA3","Medium",28,"Typha","Adult","Depth"
"267",2014-01-01,2014,1,"non_critical","ROB","LA3","Medium",28,"Typha","Adult","Depth"
"268",2015-01-01,2015,1,"non_critical","LOB","LA3","Medium",27,"Typha","Adult","Depth"
"269",2015-01-01,2015,1,"non_critical","MC","LA3","Medium",27,"Typha","Adult","Depth"
"270",2015-01-01,2015,1,"non_critical","ROB","LA3","Medium",27,"Typha","Adult","Depth"
"271",2016-01-01,2016,1,"non_critical","LOB","LA3","Medium",18,"Typha","Adult","Depth"
"272",2016-01-01,2016,1,"non_critical","MC","LA3","Medium",20,"Typha","Adult","Depth"
"273",2016-01-01,2016,1,"non_critical","ROB","LA3","Medium",18,"Typha","Adult","Depth"
"274",2010-02-01,2010,2,"non_critical","LOB","LA3","Medium",23,"Typha","Adult","Depth"
"275",2010-02-01,2010,2,"non_critical","MC","LA3","Medium",22,"Typha","Adult","Depth"
"276",2010-02-01,2010,2,"non_critical","ROB","LA3","Medium",23,"Typha","Adult","Depth"
"277",2011-02-01,2011,2,"non_critical","LOB","LA3","Medium",29,"Typha","Adult","Depth"
"278",2011-02-01,2011,2,"non_critical","MC","LA3","Medium",29,"Typha","Adult","Depth"
"279",2011-02-01,2011,2,"non_critical","ROB","LA3","Medium",29,"Typha","Adult","Depth"
"280",2012-02-01,2012,2,"non_critical","LOB","LA3","Medium",26,"Typha","Adult","Depth"
"281",2012-02-01,2012,2,"non_critical","MC","LA3","Medium",26,"Typha","Adult","Depth"
"282",2012-02-01,2012,2,"non_critical","ROB","LA3","Medium",26,"Typha","Adult","Depth"
"283",2013-02-01,2013,2,"non_critical","LOB","LA3","Medium",24,"Typha","Adult","Depth"
"284",2013-02-01,2013,2,"non_critical","MC","LA3","Medium",24,"Typha","Adult","Depth"
"285",2013-02-01,2013,2,"non_critical","ROB","LA3","Medium",24,"Typha","Adult","Depth"
"286",2014-02-01,2014,2,"non_critical","LOB","LA3","Medium",27,"Typha","Adult","Depth"
"287",2014-02-01,2014,2,"non_critical","MC","LA3","Medium",25,"Typha","Adult","Depth"
"288",2014-02-01,2014,2,"non_critical","ROB","LA3","Medium",27,"Typha","Adult","Depth"
"289",2015-02-01,2015,2,"non_critical","LOB","LA3","Medium",27,"Typha","Adult","Depth"
"290",2015-02-01,2015,2,"non_critical","MC","LA3","Medium",27,"Typha","Adult","Depth"
"291",2015-02-01,2015,2,"non_critical","ROB","LA3","Medium",27,"Typha","Adult","Depth"
"292",2016-02-01,2016,2,"non_critical","LOB","LA3","Medium",22,"Typha","Adult","Depth"
"293",2016-02-01,2016,2,"non_critical","MC","LA3","Medium",18,"Typha","Adult","Depth"
"294",2016-02-01,2016,2,"non_critical","ROB","LA3","Medium",22,"Typha","Adult","Depth"
"295",2010-03-01,2010,3,"non_critical","LOB","LA3","Medium",25,"Typha","Adult","Depth"
"296",2010-03-01,2010,3,"non_critical","MC","LA3","Medium",22,"Typha","Adult","Depth"
"297",2010-03-01,2010,3,"non_critical","ROB","LA3","Medium",25,"Typha","Adult","Depth"
"298",2011-03-01,2011,3,"non_critical","LOB","LA3","Medium",28,"Typha","Adult","Depth"
"299",2011-03-01,2011,3,"non_critical","MC","LA3","Medium",26,"Typha","Adult","Depth"
"300",2011-03-01,2011,3,"non_critical","ROB","LA3","Medium",28,"Typha","Adult","Depth"
"301",2012-03-01,2012,3,"non_critical","LOB","LA3","Medium",30,"Typha","Adult","Depth"
"302",2012-03-01,2012,3,"non_critical","MC","LA3","Medium",29,"Typha","Adult","Depth"
"303",2012-03-01,2012,3,"non_critical","ROB","LA3","Medium",30,"Typha","Adult","Depth"
"304",2013-03-01,2013,3,"non_critical","LOB","LA3","Medium",30,"Typha","Adult","Depth"
"305",2013-03-01,2013,3,"non_critical","MC","LA3","Medium",30,"Typha","Adult","Depth"
"306",2013-03-01,2013,3,"non_critical","ROB","LA3","Medium",30,"Typha","Adult","Depth"
"307",2014-03-01,2014,3,"non_critical","LOB","LA3","Medium",29,"Typha","Adult","Depth"
"308",2014-03-01,2014,3,"non_critical","MC","LA3","Medium",29,"Typha","Adult","Depth"
"309",2014-03-01,2014,3,"non_critical","ROB","LA3","Medium",29,"Typha","Adult","Depth"
"310",2015-03-01,2015,3,"non_critical","LOB","LA3","Medium",28,"Typha","Adult","Depth"
"311",2015-03-01,2015,3,"non_critical","MC","LA3","Medium",28,"Typha","Adult","Depth"
"312",2015-03-01,2015,3,"non_critical","ROB","LA3","Medium",28,"Typha","Adult","Depth"
"313",2016-03-01,2016,3,"non_critical","LOB","LA3","Medium",30,"Typha","Adult","Depth"
"314",2016-03-01,2016,3,"non_critical","MC","LA3","Medium",30,"Typha","Adult","Depth"
"315",2016-03-01,2016,3,"non_critical","ROB","LA3","Medium",30,"Typha","Adult","Depth"
"316",2010-04-01,2010,4,"critical","LOB","LA3","Medium",30,"Typha","Adult","Depth"
"317",2010-04-01,2010,4,"critical","MC","LA3","Medium",30,"Typha","Adult","Depth"
"318",2010-04-01,2010,4,"critical","ROB","LA3","Medium",30,"Typha","Adult","Depth"
"319",2011-04-01,2011,4,"critical","LOB","LA3","Medium",26,"Typha","Adult","Depth"
"320",2011-04-01,2011,4,"critical","MC","LA3","Medium",26,"Typha","Adult","Depth"
"321",2011-04-01,2011,4,"critical","ROB","LA3","Medium",26,"Typha","Adult","Depth"
"322",2012-04-01,2012,4,"critical","LOB","LA3","Medium",30,"Typha","Adult","Depth"
"323",2012-04-01,2012,4,"critical","MC","LA3","Medium",30,"Typha","Adult","Depth"
"324",2012-04-01,2012,4,"critical","ROB","LA3","Medium",30,"Typha","Adult","Depth"
"325",2013-04-01,2013,4,"critical","LOB","LA3","Medium",29,"Typha","Adult","Depth"
"326",2013-04-01,2013,4,"critical","MC","LA3","Medium",28,"Typha","Adult","Depth"
"327",2013-04-01,2013,4,"critical","ROB","LA3","Medium",29,"Typha","Adult","Depth"
"328",2014-04-01,2014,4,"critical","LOB","LA3","Medium",30,"Typha","Adult","Depth"
"329",2014-04-01,2014,4,"critical","MC","LA3","Medium",29,"Typha","Adult","Depth"
"330",2014-04-01,2014,4,"critical","ROB","LA3","Medium",30,"Typha","Adult","Depth"
"331",2015-04-01,2015,4,"critical","LOB","LA3","Medium",30,"Typha","Adult","Depth"
"332",2015-04-01,2015,4,"critical","MC","LA3","Medium",27,"Typha","Adult","Depth"
"333",2015-04-01,2015,4,"critical","ROB","LA3","Medium",30,"Typha","Adult","Depth"
"334",2016-04-01,2016,4,"critical","LOB","LA3","Medium",30,"Typha","Adult","Depth"
"335",2016-04-01,2016,4,"critical","MC","LA3","Medium",29,"Typha","Adult","Depth"
"336",2016-04-01,2016,4,"critical","ROB","LA3","Medium",30,"Typha","Adult","Depth"
"337",2010-05-01,2010,5,"critical","LOB","LA3","Medium",30,"Typha","Adult","Depth"
"338",2010-05-01,2010,5,"critical","MC","LA3","Medium",29,"Typha","Adult","Depth"
"339",2010-05-01,2010,5,"critical","ROB","LA3","Medium",30,"Typha","Adult","Depth"
"340",2011-05-01,2011,5,"critical","LOB","LA3","Medium",31,"Typha","Adult","Depth"
"341",2011-05-01,2011,5,"critical","MC","LA3","Medium",31,"Typha","Adult","Depth"
"342",2011-05-01,2011,5,"critical","ROB","LA3","Medium",31,"Typha","Adult","Depth"
"343",2012-05-01,2012,5,"critical","LOB","LA3","Medium",29,"Typha","Adult","Depth"
"344",2012-05-01,2012,5,"critical","MC","LA3","Medium",29,"Typha","Adult","Depth"
"345",2012-05-01,2012,5,"critical","ROB","LA3","Medium",29,"Typha","Adult","Depth"
"346",2013-05-01,2013,5,"critical","LOB","LA3","Medium",28,"Typha","Adult","Depth"
"347",2013-05-01,2013,5,"critical","MC","LA3","Medium",31,"Typha","Adult","Depth"
"348",2013-05-01,2013,5,"critical","ROB","LA3","Medium",28,"Typha","Adult","Depth"
"349",2014-05-01,2014,5,"critical","LOB","LA3","Medium",29,"Typha","Adult","Depth"
"350",2014-05-01,2014,5,"critical","MC","LA3","Medium",30,"Typha","Adult","Depth"
"351",2014-05-01,2014,5,"critical","ROB","LA3","Medium",29,"Typha","Adult","Depth"
"352",2015-05-01,2015,5,"critical","LOB","LA3","Medium",30,"Typha","Adult","Depth"
"353",2015-05-01,2015,5,"critical","MC","LA3","Medium",30,"Typha","Adult","Depth"
"354",2015-05-01,2015,5,"critical","ROB","LA3","Medium",30,"Typha","Adult","Depth"
"355",2016-05-01,2016,5,"critical","LOB","LA3","Medium",31,"Typha","Adult","Depth"
"356",2016-05-01,2016,5,"critical","MC","LA3","Medium",30,"Typha","Adult","Depth"
"357",2016-05-01,2016,5,"critical","ROB","LA3","Medium",31,"Typha","Adult","Depth"
"358",2010-06-01,2010,6,"critical","LOB","LA3","Medium",30,"Typha","Adult","Depth"
"359",2010-06-01,2010,6,"critical","MC","LA3","Medium",30,"Typha","Adult","Depth"
"360",2010-06-01,2010,6,"critical","ROB","LA3","Medium",30,"Typha","Adult","Depth"
"361",2011-06-01,2011,6,"critical","LOB","LA3","Medium",30,"Typha","Adult","Depth"
"362",2011-06-01,2011,6,"critical","MC","LA3","Medium",30,"Typha","Adult","Depth"
"363",2011-06-01,2011,6,"critical","ROB","LA3","Medium",30,"Typha","Adult","Depth"
"364",2012-06-01,2012,6,"critical","LOB","LA3","Medium",30,"Typha","Adult","Depth"
"365",2012-06-01,2012,6,"critical","MC","LA3","Medium",30,"Typha","Adult","Depth"
"366",2012-06-01,2012,6,"critical","ROB","LA3","Medium",30,"Typha","Adult","Depth"
"367",2013-06-01,2013,6,"critical","LOB","LA3","Medium",30,"Typha","Adult","Depth"
"368",2013-06-01,2013,6,"critical","MC","LA3","Medium",30,"Typha","Adult","Depth"
"369",2013-06-01,2013,6,"critical","ROB","LA3","Medium",30,"Typha","Adult","Depth"
"370",2014-06-01,2014,6,"critical","LOB","LA3","Medium",30,"Typha","Adult","Depth"
"371",2014-06-01,2014,6,"critical","MC","LA3","Medium",30,"Typha","Adult","Depth"
"372",2014-06-01,2014,6,"critical","ROB","LA3","Medium",30,"Typha","Adult","Depth"
"373",2015-06-01,2015,6,"critical","LOB","LA3","Medium",30,"Typha","Adult","Depth"
"374",2015-06-01,2015,6,"critical","MC","LA3","Medium",30,"Typha","Adult","Depth"
"375",2015-06-01,2015,6,"critical","ROB","LA3","Medium",30,"Typha","Adult","Depth"
"376",2016-06-01,2016,6,"critical","LOB","LA3","Medium",30,"Typha","Adult","Depth"
"377",2016-06-01,2016,6,"critical","MC","LA3","Medium",30,"Typha","Adult","Depth"
"378",2016-06-01,2016,6,"critical","ROB","LA3","Medium",30,"Typha","Adult","Depth"
"379",2010-07-01,2010,7,"critical","LOB","LA3","Medium",31,"Typha","Adult","Depth"
"380",2010-07-01,2010,7,"critical","MC","LA3","Medium",31,"Typha","Adult","Depth"
"381",2010-07-01,2010,7,"critical","ROB","LA3","Medium",31,"Typha","Adult","Depth"
"382",2011-07-01,2011,7,"critical","LOB","LA3","Medium",31,"Typha","Adult","Depth"
"383",2011-07-01,2011,7,"critical","MC","LA3","Medium",31,"Typha","Adult","Depth"
"384",2011-07-01,2011,7,"critical","ROB","LA3","Medium",31,"Typha","Adult","Depth"
"385",2012-07-01,2012,7,"critical","LOB","LA3","Medium",31,"Typha","Adult","Depth"
"386",2012-07-01,2012,7,"critical","MC","LA3","Medium",31,"Typha","Adult","Depth"
"387",2012-07-01,2012,7,"critical","ROB","LA3","Medium",31,"Typha","Adult","Depth"
"388",2013-07-01,2013,7,"critical","LOB","LA3","Medium",31,"Typha","Adult","Depth"
"389",2013-07-01,2013,7,"critical","MC","LA3","Medium",31,"Typha","Adult","Depth"
"390",2013-07-01,2013,7,"critical","ROB","LA3","Medium",31,"Typha","Adult","Depth"
"391",2014-07-01,2014,7,"critical","LOB","LA3","Medium",31,"Typha","Adult","Depth"
"392",2014-07-01,2014,7,"critical","MC","LA3","Medium",31,"Typha","Adult","Depth"
"393",2014-07-01,2014,7,"critical","ROB","LA3","Medium",31,"Typha","Adult","Depth"
"394",2015-07-01,2015,7,"critical","LOB","LA3","Medium",31,"Typha","Adult","Depth"
"395",2015-07-01,2015,7,"critical","MC","LA3","Medium",31,"Typha","Adult","Depth"
"396",2015-07-01,2015,7,"critical","ROB","LA3","Medium",31,"Typha","Adult","Depth"
"397",2016-07-01,2016,7,"critical","LOB","LA3","Medium",31,"Typha","Adult","Depth"
"398",2016-07-01,2016,7,"critical","MC","LA3","Medium",31,"Typha","Adult","Depth"
"399",2016-07-01,2016,7,"critical","ROB","LA3","Medium",31,"Typha","Adult","Depth"
"400",2010-08-01,2010,8,"critical","LOB","LA3","Medium",31,"Typha","Adult","Depth"
"401",2010-08-01,2010,8,"critical","MC","LA3","Medium",31,"Typha","Adult","Depth"
"402",2010-08-01,2010,8,"critical","ROB","LA3","Medium",31,"Typha","Adult","Depth"
"403",2011-08-01,2011,8,"critical","LOB","LA3","Medium",31,"Typha","Adult","Depth"
"404",2011-08-01,2011,8,"critical","MC","LA3","Medium",31,"Typha","Adult","Depth"
"405",2011-08-01,2011,8,"critical","ROB","LA3","Medium",31,"Typha","Adult","Depth"
"406",2012-08-01,2012,8,"critical","LOB","LA3","Medium",31,"Typha","Adult","Depth"
"407",2012-08-01,2012,8,"critical","MC","LA3","Medium",31,"Typha","Adult","Depth"
"408",2012-08-01,2012,8,"critical","ROB","LA3","Medium",31,"Typha","Adult","Depth"
"409",2013-08-01,2013,8,"critical","LOB","LA3","Medium",31,"Typha","Adult","Depth"
"410",2013-08-01,2013,8,"critical","MC","LA3","Medium",31,"Typha","Adult","Depth"
"411",2013-08-01,2013,8,"critical","ROB","LA3","Medium",31,"Typha","Adult","Depth"
"412",2014-08-01,2014,8,"critical","LOB","LA3","Medium",31,"Typha","Adult","Depth"
"413",2014-08-01,2014,8,"critical","MC","LA3","Medium",31,"Typha","Adult","Depth"
"414",2014-08-01,2014,8,"critical","ROB","LA3","Medium",31,"Typha","Adult","Depth"
"415",2015-08-01,2015,8,"critical","LOB","LA3","Medium",31,"Typha","Adult","Depth"
"416",2015-08-01,2015,8,"critical","MC","LA3","Medium",31,"Typha","Adult","Depth"
"417",2015-08-01,2015,8,"critical","ROB","LA3","Medium",31,"Typha","Adult","Depth"
"418",2016-08-01,2016,8,"critical","LOB","LA3","Medium",31,"Typha","Adult","Depth"
"419",2016-08-01,2016,8,"critical","MC","LA3","Medium",31,"Typha","Adult","Depth"
"420",2016-08-01,2016,8,"critical","ROB","LA3","Medium",31,"Typha","Adult","Depth"
"421",2010-09-01,2010,9,"critical","LOB","LA3","Medium",30,"Typha","Adult","Depth"
"422",2010-09-01,2010,9,"critical","MC","LA3","Medium",30,"Typha","Adult","Depth"
"423",2010-09-01,2010,9,"critical","ROB","LA3","Medium",30,"Typha","Adult","Depth"
"424",2011-09-01,2011,9,"critical","LOB","LA3","Medium",30,"Typha","Adult","Depth"
"425",2011-09-01,2011,9,"critical","MC","LA3","Medium",30,"Typha","Adult","Depth"
"426",2011-09-01,2011,9,"critical","ROB","LA3","Medium",30,"Typha","Adult","Depth"
"427",2012-09-01,2012,9,"critical","LOB","LA3","Medium",30,"Typha","Adult","Depth"
"428",2012-09-01,2012,9,"critical","MC","LA3","Medium",30,"Typha","Adult","Depth"
"429",2012-09-01,2012,9,"critical","ROB","LA3","Medium",30,"Typha","Adult","Depth"
"430",2013-09-01,2013,9,"critical","LOB","LA3","Medium",30,"Typha","Adult","Depth"
"431",2013-09-01,2013,9,"critical","MC","LA3","Medium",30,"Typha","Adult","Depth"
"432",2013-09-01,2013,9,"critical","ROB","LA3","Medium",30,"Typha","Adult","Depth"
"433",2014-09-01,2014,9,"critical","LOB","LA3","Medium",30,"Typha","Adult","Depth"
"434",2014-09-01,2014,9,"critical","MC","LA3","Medium",30,"Typha","Adult","Depth"
"435",2014-09-01,2014,9,"critical","ROB","LA3","Medium",30,"Typha","Adult","Depth"
"436",2015-09-01,2015,9,"critical","LOB","LA3","Medium",30,"Typha","Adult","Depth"
"437",2015-09-01,2015,9,"critical","MC","LA3","Medium",30,"Typha","Adult","Depth"
"438",2015-09-01,2015,9,"critical","ROB","LA3","Medium",30,"Typha","Adult","Depth"
"439",2016-09-01,2016,9,"critical","LOB","LA3","Medium",30,"Typha","Adult","Depth"
"440",2016-09-01,2016,9,"critical","MC","LA3","Medium",30,"Typha","Adult","Depth"
"441",2016-09-01,2016,9,"critical","ROB","LA3","Medium",30,"Typha","Adult","Depth"
"442",2010-10-01,2010,10,"non_critical","LOB","LA3","Medium",27,"Typha","Adult","Depth"
"443",2010-10-01,2010,10,"non_critical","MC","LA3","Medium",25,"Typha","Adult","Depth"
"444",2010-10-01,2010,10,"non_critical","ROB","LA3","Medium",27,"Typha","Adult","Depth"
"445",2011-10-01,2011,10,"non_critical","LOB","LA3","Medium",29,"Typha","Adult","Depth"
"446",2011-10-01,2011,10,"non_critical","MC","LA3","Medium",30,"Typha","Adult","Depth"
"447",2011-10-01,2011,10,"non_critical","ROB","LA3","Medium",29,"Typha","Adult","Depth"
"448",2012-10-01,2012,10,"non_critical","LOB","LA3","Medium",30,"Typha","Adult","Depth"
"449",2012-10-01,2012,10,"non_critical","MC","LA3","Medium",30,"Typha","Adult","Depth"
"450",2012-10-01,2012,10,"non_critical","ROB","LA3","Medium",30,"Typha","Adult","Depth"
"451",2013-10-01,2013,10,"non_critical","LOB","LA3","Medium",12,"Typha","Adult","Depth"
"452",2013-10-01,2013,10,"non_critical","MC","LA3","Medium",30,"Typha","Adult","Depth"
"453",2013-10-01,2013,10,"non_critical","ROB","LA3","Medium",12,"Typha","Adult","Depth"
"454",2014-10-01,2014,10,"non_critical","LOB","LA3","Medium",27,"Typha","Adult","Depth"
"455",2014-10-01,2014,10,"non_critical","MC","LA3","Medium",30,"Typha","Adult","Depth"
"456",2014-10-01,2014,10,"non_critical","ROB","LA3","Medium",27,"Typha","Adult","Depth"
"457",2015-10-01,2015,10,"non_critical","LOB","LA3","Medium",30,"Typha","Adult","Depth"
"458",2015-10-01,2015,10,"non_critical","MC","LA3","Medium",29,"Typha","Adult","Depth"
"459",2015-10-01,2015,10,"non_critical","ROB","LA3","Medium",30,"Typha","Adult","Depth"
"460",2016-10-01,2016,10,"non_critical","LOB","LA3","Medium",31,"Typha","Adult","Depth"
"461",2016-10-01,2016,10,"non_critical","MC","LA3","Medium",30,"Typha","Adult","Depth"
"462",2016-10-01,2016,10,"non_critical","ROB","LA3","Medium",31,"Typha","Adult","Depth"
"463",2010-11-01,2010,11,"non_critical","LOB","LA3","Medium",27,"Typha","Adult","Depth"
"464",2010-11-01,2010,11,"non_critical","MC","LA3","Medium",26,"Typha","Adult","Depth"
"465",2010-11-01,2010,11,"non_critical","ROB","LA3","Medium",27,"Typha","Adult","Depth"
"466",2011-11-01,2011,11,"non_critical","LOB","LA3","Medium",26,"Typha","Adult","Depth"
"467",2011-11-01,2011,11,"non_critical","MC","LA3","Medium",26,"Typha","Adult","Depth"
"468",2011-11-01,2011,11,"non_critical","ROB","LA3","Medium",26,"Typha","Adult","Depth"
"469",2012-11-01,2012,11,"non_critical","LOB","LA3","Medium",27,"Typha","Adult","Depth"
"470",2012-11-01,2012,11,"non_critical","MC","LA3","Medium",27,"Typha","Adult","Depth"
"471",2012-11-01,2012,11,"non_critical","ROB","LA3","Medium",27,"Typha","Adult","Depth"
"472",2013-11-01,2013,11,"non_critical","LOB","LA3","Medium",5,"Typha","Adult","Depth"
"473",2013-11-01,2013,11,"non_critical","MC","LA3","Medium",28,"Typha","Adult","Depth"
"474",2013-11-01,2013,11,"non_critical","ROB","LA3","Medium",5,"Typha","Adult","Depth"
"475",2014-11-01,2014,11,"non_critical","LOB","LA3","Medium",28,"Typha","Adult","Depth"
"476",2014-11-01,2014,11,"non_critical","MC","LA3","Medium",28,"Typha","Adult","Depth"
"477",2014-11-01,2014,11,"non_critical","ROB","LA3","Medium",28,"Typha","Adult","Depth"
"478",2015-11-01,2015,11,"non_critical","LOB","LA3","Medium",30,"Typha","Adult","Depth"
"479",2015-11-01,2015,11,"non_critical","MC","LA3","Medium",30,"Typha","Adult","Depth"
"480",2015-11-01,2015,11,"non_critical","ROB","LA3","Medium",30,"Typha","Adult","Depth"
"481",2016-11-01,2016,11,"non_critical","LOB","LA3","Medium",27,"Typha","Adult","Depth"
"482",2016-11-01,2016,11,"non_critical","MC","LA3","Medium",27,"Typha","Adult","Depth"
"483",2016-11-01,2016,11,"non_critical","ROB","LA3","Medium",27,"Typha","Adult","Depth"
"484",2010-12-01,2010,12,"non_critical","LOB","LA3","Medium",20,"Typha","Adult","Depth"
"485",2010-12-01,2010,12,"non_critical","MC","LA3","Medium",19,"Typha","Adult","Depth"
"486",2010-12-01,2010,12,"non_critical","ROB","LA3","Medium",20,"Typha","Adult","Depth"
"487",2011-12-01,2011,12,"non_critical","LOB","LA3","Medium",29,"Typha","Adult","Depth"
"488",2011-12-01,2011,12,"non_critical","MC","LA3","Medium",28,"Typha","Adult","Depth"
"489",2011-12-01,2011,12,"non_critical","ROB","LA3","Medium",29,"Typha","Adult","Depth"
"490",2012-12-01,2012,12,"non_critical","LOB","LA3","Medium",23,"Typha","Adult","Depth"
"491",2012-12-01,2012,12,"non_critical","MC","LA3","Medium",23,"Typha","Adult","Depth"
"492",2012-12-01,2012,12,"non_critical","ROB","LA3","Medium",23,"Typha","Adult","Depth"
"493",2013-12-01,2013,12,"non_critical","LOB","LA3","Medium",28,"Typha","Adult","Depth"
"494",2013-12-01,2013,12,"non_critical","MC","LA3","Medium",29,"Typha","Adult","Depth"
"495",2013-12-01,2013,12,"non_critical","ROB","LA3","Medium",28,"Typha","Adult","Depth"
"496",2014-12-01,2014,12,"non_critical","LOB","LA3","Medium",26,"Typha","Adult","Depth"
"497",2014-12-01,2014,12,"non_critical","MC","LA3","Medium",25,"Typha","Adult","Depth"
"498",2014-12-01,2014,12,"non_critical","ROB","LA3","Medium",26,"Typha","Adult","Depth"
"499",2015-12-01,2015,12,"non_critical","LOB","LA3","Medium",23,"Typha","Adult","Depth"
"500",2015-12-01,2015,12,"non_critical","MC","LA3","Medium",28,"Typha","Adult","Depth"
"501",2015-12-01,2015,12,"non_critical","ROB","LA3","Medium",23,"Typha","Adult","Depth"
"502",2016-12-01,2016,12,"non_critical","LOB","LA3","Medium",23,"Typha","Adult","Depth"
"503",2016-12-01,2016,12,"non_critical","MC","LA3","Medium",23,"Typha","Adult","Depth"
"504",2016-12-01,2016,12,"non_critical","ROB","LA3","Medium",23,"Typha","Adult","Depth"
"505",2010-01-01,2010,1,"non_critical","LOB","LA3","High",0,"Typha","Adult","Depth"
"506",2010-01-01,2010,1,"non_critical","MC","LA3","High",28,"Typha","Adult","Depth"
"507",2010-01-01,2010,1,"non_critical","ROB","LA3","High",0,"Typha","Adult","Depth"
"508",2011-01-01,2011,1,"non_critical","LOB","LA3","High",0,"Typha","Adult","Depth"
"509",2011-01-01,2011,1,"non_critical","MC","LA3","High",29,"Typha","Adult","Depth"
"510",2011-01-01,2011,1,"non_critical","ROB","LA3","High",0,"Typha","Adult","Depth"
"511",2012-01-01,2012,1,"non_critical","LOB","LA3","High",0,"Typha","Adult","Depth"
"512",2012-01-01,2012,1,"non_critical","MC","LA3","High",25,"Typha","Adult","Depth"
"513",2012-01-01,2012,1,"non_critical","ROB","LA3","High",0,"Typha","Adult","Depth"
"514",2013-01-01,2013,1,"non_critical","LOB","LA3","High",0,"Typha","Adult","Depth"
"515",2013-01-01,2013,1,"non_critical","MC","LA3","High",31,"Typha","Adult","Depth"
"516",2013-01-01,2013,1,"non_critical","ROB","LA3","High",0,"Typha","Adult","Depth"
"517",2014-01-01,2014,1,"non_critical","LOB","LA3","High",0,"Typha","Adult","Depth"
"518",2014-01-01,2014,1,"non_critical","MC","LA3","High",27,"Typha","Adult","Depth"
"519",2014-01-01,2014,1,"non_critical","ROB","LA3","High",0,"Typha","Adult","Depth"
"520",2015-01-01,2015,1,"non_critical","LOB","LA3","High",0,"Typha","Adult","Depth"
"521",2015-01-01,2015,1,"non_critical","MC","LA3","High",26,"Typha","Adult","Depth"
"522",2015-01-01,2015,1,"non_critical","ROB","LA3","High",0,"Typha","Adult","Depth"
"523",2016-01-01,2016,1,"non_critical","LOB","LA3","High",0,"Typha","Adult","Depth"
"524",2016-01-01,2016,1,"non_critical","MC","LA3","High",20,"Typha","Adult","Depth"
"525",2016-01-01,2016,1,"non_critical","ROB","LA3","High",0,"Typha","Adult","Depth"
"526",2010-02-01,2010,2,"non_critical","LOB","LA3","High",0,"Typha","Adult","Depth"
"527",2010-02-01,2010,2,"non_critical","MC","LA3","High",22,"Typha","Adult","Depth"
"528",2010-02-01,2010,2,"non_critical","ROB","LA3","High",0,"Typha","Adult","Depth"
"529",2011-02-01,2011,2,"non_critical","LOB","LA3","High",0,"Typha","Adult","Depth"
"530",2011-02-01,2011,2,"non_critical","MC","LA3","High",28,"Typha","Adult","Depth"
"531",2011-02-01,2011,2,"non_critical","ROB","LA3","High",0,"Typha","Adult","Depth"
"532",2012-02-01,2012,2,"non_critical","LOB","LA3","High",0,"Typha","Adult","Depth"
"533",2012-02-01,2012,2,"non_critical","MC","LA3","High",26,"Typha","Adult","Depth"
"534",2012-02-01,2012,2,"non_critical","ROB","LA3","High",0,"Typha","Adult","Depth"
"535",2013-02-01,2013,2,"non_critical","LOB","LA3","High",0,"Typha","Adult","Depth"
"536",2013-02-01,2013,2,"non_critical","MC","LA3","High",24,"Typha","Adult","Depth"
"537",2013-02-01,2013,2,"non_critical","ROB","LA3","High",0,"Typha","Adult","Depth"
"538",2014-02-01,2014,2,"non_critical","LOB","LA3","High",0,"Typha","Adult","Depth"
"539",2014-02-01,2014,2,"non_critical","MC","LA3","High",25,"Typha","Adult","Depth"
"540",2014-02-01,2014,2,"non_critical","ROB","LA3","High",0,"Typha","Adult","Depth"
"541",2015-02-01,2015,2,"non_critical","LOB","LA3","High",0,"Typha","Adult","Depth"
"542",2015-02-01,2015,2,"non_critical","MC","LA3","High",27,"Typha","Adult","Depth"
"543",2015-02-01,2015,2,"non_critical","ROB","LA3","High",0,"Typha","Adult","Depth"
"544",2016-02-01,2016,2,"non_critical","LOB","LA3","High",0,"Typha","Adult","Depth"
"545",2016-02-01,2016,2,"non_critical","MC","LA3","High",16,"Typha","Adult","Depth"
"546",2016-02-01,2016,2,"non_critical","ROB","LA3","High",0,"Typha","Adult","Depth"
"547",2010-03-01,2010,3,"non_critical","LOB","LA3","High",6,"Typha","Adult","Depth"
"548",2010-03-01,2010,3,"non_critical","MC","LA3","High",22,"Typha","Adult","Depth"
"549",2010-03-01,2010,3,"non_critical","ROB","LA3","High",6,"Typha","Adult","Depth"
"550",2011-03-01,2011,3,"non_critical","LOB","LA3","High",0,"Typha","Adult","Depth"
"551",2011-03-01,2011,3,"non_critical","MC","LA3","High",26,"Typha","Adult","Depth"
"552",2011-03-01,2011,3,"non_critical","ROB","LA3","High",0,"Typha","Adult","Depth"
"553",2012-03-01,2012,3,"non_critical","LOB","LA3","High",0,"Typha","Adult","Depth"
"554",2012-03-01,2012,3,"non_critical","MC","LA3","High",29,"Typha","Adult","Depth"
"555",2012-03-01,2012,3,"non_critical","ROB","LA3","High",0,"Typha","Adult","Depth"
"556",2013-03-01,2013,3,"non_critical","LOB","LA3","High",0,"Typha","Adult","Depth"
"557",2013-03-01,2013,3,"non_critical","MC","LA3","High",30,"Typha","Adult","Depth"
"558",2013-03-01,2013,3,"non_critical","ROB","LA3","High",0,"Typha","Adult","Depth"
"559",2014-03-01,2014,3,"non_critical","LOB","LA3","High",0,"Typha","Adult","Depth"
"560",2014-03-01,2014,3,"non_critical","MC","LA3","High",29,"Typha","Adult","Depth"
"561",2014-03-01,2014,3,"non_critical","ROB","LA3","High",0,"Typha","Adult","Depth"
"562",2015-03-01,2015,3,"non_critical","LOB","LA3","High",0,"Typha","Adult","Depth"
"563",2015-03-01,2015,3,"non_critical","MC","LA3","High",28,"Typha","Adult","Depth"
"564",2015-03-01,2015,3,"non_critical","ROB","LA3","High",0,"Typha","Adult","Depth"
"565",2016-03-01,2016,3,"non_critical","LOB","LA3","High",0,"Typha","Adult","Depth"
"566",2016-03-01,2016,3,"non_critical","MC","LA3","High",30,"Typha","Adult","Depth"
"567",2016-03-01,2016,3,"non_critical","ROB","LA3","High",0,"Typha","Adult","Depth"
"568",2010-04-01,2010,4,"critical","LOB","LA3","High",2,"Typha","Adult","Depth"
"569",2010-04-01,2010,4,"critical","MC","LA3","High",30,"Typha","Adult","Depth"
"570",2010-04-01,2010,4,"critical","ROB","LA3","High",2,"Typha","Adult","Depth"
"571",2011-04-01,2011,4,"critical","LOB","LA3","High",0,"Typha","Adult","Depth"
"572",2011-04-01,2011,4,"critical","MC","LA3","High",26,"Typha","Adult","Depth"
"573",2011-04-01,2011,4,"critical","ROB","LA3","High",0,"Typha","Adult","Depth"
"574",2012-04-01,2012,4,"critical","LOB","LA3","High",0,"Typha","Adult","Depth"
"575",2012-04-01,2012,4,"critical","MC","LA3","High",30,"Typha","Adult","Depth"
"576",2012-04-01,2012,4,"critical","ROB","LA3","High",0,"Typha","Adult","Depth"
"577",2013-04-01,2013,4,"critical","LOB","LA3","High",0,"Typha","Adult","Depth"
"578",2013-04-01,2013,4,"critical","MC","LA3","High",28,"Typha","Adult","Depth"
"579",2013-04-01,2013,4,"critical","ROB","LA3","High",0,"Typha","Adult","Depth"
"580",2014-04-01,2014,4,"critical","LOB","LA3","High",0,"Typha","Adult","Depth"
"581",2014-04-01,2014,4,"critical","MC","LA3","High",28,"Typha","Adult","Depth"
"582",2014-04-01,2014,4,"critical","ROB","LA3","High",0,"Typha","Adult","Depth"
"583",2015-04-01,2015,4,"critical","LOB","LA3","High",0,"Typha","Adult","Depth"
"584",2015-04-01,2015,4,"critical","MC","LA3","High",27,"Typha","Adult","Depth"
"585",2015-04-01,2015,4,"critical","ROB","LA3","High",0,"Typha","Adult","Depth"
"586",2016-04-01,2016,4,"critical","LOB","LA3","High",0,"Typha","Adult","Depth"
"587",2016-04-01,2016,4,"critical","MC","LA3","High",29,"Typha","Adult","Depth"
"588",2016-04-01,2016,4,"critical","ROB","LA3","High",0,"Typha","Adult","Depth"
"589",2010-05-01,2010,5,"critical","LOB","LA3","High",0,"Typha","Adult","Depth"
"590",2010-05-01,2010,5,"critical","MC","LA3","High",28,"Typha","Adult","Depth"
"591",2010-05-01,2010,5,"critical","ROB","LA3","High",0,"Typha","Adult","Depth"
"592",2011-05-01,2011,5,"critical","LOB","LA3","High",0,"Typha","Adult","Depth"
"593",2011-05-01,2011,5,"critical","MC","LA3","High",31,"Typha","Adult","Depth"
"594",2011-05-01,2011,5,"critical","ROB","LA3","High",0,"Typha","Adult","Depth"
"595",2012-05-01,2012,5,"critical","LOB","LA3","High",0,"Typha","Adult","Depth"
"596",2012-05-01,2012,5,"critical","MC","LA3","High",29,"Typha","Adult","Depth"
"597",2012-05-01,2012,5,"critical","ROB","LA3","High",0,"Typha","Adult","Depth"
"598",2013-05-01,2013,5,"critical","LOB","LA3","High",0,"Typha","Adult","Depth"
"599",2013-05-01,2013,5,"critical","MC","LA3","High",31,"Typha","Adult","Depth"
"600",2013-05-01,2013,5,"critical","ROB","LA3","High",0,"Typha","Adult","Depth"
"601",2014-05-01,2014,5,"critical","LOB","LA3","High",0,"Typha","Adult","Depth"
"602",2014-05-01,2014,5,"critical","MC","LA3","High",29,"Typha","Adult","Depth"
"603",2014-05-01,2014,5,"critical","ROB","LA3","High",0,"Typha","Adult","Depth"
"604",2015-05-01,2015,5,"critical","LOB","LA3","High",0,"Typha","Adult","Depth"
"605",2015-05-01,2015,5,"critical","MC","LA3","High",30,"Typha","Adult","Depth"
"606",2015-05-01,2015,5,"critical","ROB","LA3","High",0,"Typha","Adult","Depth"
"607",2016-05-01,2016,5,"critical","LOB","LA3","High",0,"Typha","Adult","Depth"
"608",2016-05-01,2016,5,"critical","MC","LA3","High",30,"Typha","Adult","Depth"
"609",2016-05-01,2016,5,"critical","ROB","LA3","High",0,"Typha","Adult","Depth"
"610",2010-06-01,2010,6,"critical","LOB","LA3","High",0,"Typha","Adult","Depth"
"611",2010-06-01,2010,6,"critical","MC","LA3","High",30,"Typha","Adult","Depth"
"612",2010-06-01,2010,6,"critical","ROB","LA3","High",0,"Typha","Adult","Depth"
"613",2011-06-01,2011,6,"critical","LOB","LA3","High",0,"Typha","Adult","Depth"
"614",2011-06-01,2011,6,"critical","MC","LA3","High",30,"Typha","Adult","Depth"
"615",2011-06-01,2011,6,"critical","ROB","LA3","High",0,"Typha","Adult","Depth"
"616",2012-06-01,2012,6,"critical","LOB","LA3","High",0,"Typha","Adult","Depth"
"617",2012-06-01,2012,6,"critical","MC","LA3","High",30,"Typha","Adult","Depth"
"618",2012-06-01,2012,6,"critical","ROB","LA3","High",0,"Typha","Adult","Depth"
"619",2013-06-01,2013,6,"critical","LOB","LA3","High",0,"Typha","Adult","Depth"
"620",2013-06-01,2013,6,"critical","MC","LA3","High",30,"Typha","Adult","Depth"
"621",2013-06-01,2013,6,"critical","ROB","LA3","High",0,"Typha","Adult","Depth"
"622",2014-06-01,2014,6,"critical","LOB","LA3","High",0,"Typha","Adult","Depth"
"623",2014-06-01,2014,6,"critical","MC","LA3","High",30,"Typha","Adult","Depth"
"624",2014-06-01,2014,6,"critical","ROB","LA3","High",0,"Typha","Adult","Depth"
"625",2015-06-01,2015,6,"critical","LOB","LA3","High",0,"Typha","Adult","Depth"
"626",2015-06-01,2015,6,"critical","MC","LA3","High",30,"Typha","Adult","Depth"
"627",2015-06-01,2015,6,"critical","ROB","LA3","High",0,"Typha","Adult","Depth"
"628",2016-06-01,2016,6,"critical","LOB","LA3","High",0,"Typha","Adult","Depth"
"629",2016-06-01,2016,6,"critical","MC","LA3","High",30,"Typha","Adult","Depth"
"630",2016-06-01,2016,6,"critical","ROB","LA3","High",0,"Typha","Adult","Depth"
"631",2010-07-01,2010,7,"critical","LOB","LA3","High",0,"Typha","Adult","Depth"
"632",2010-07-01,2010,7,"critical","MC","LA3","High",31,"Typha","Adult","Depth"
"633",2010-07-01,2010,7,"critical","ROB","LA3","High",0,"Typha","Adult","Depth"
"634",2011-07-01,2011,7,"critical","LOB","LA3","High",0,"Typha","Adult","Depth"
"635",2011-07-01,2011,7,"critical","MC","LA3","High",31,"Typha","Adult","Depth"
"636",2011-07-01,2011,7,"critical","ROB","LA3","High",0,"Typha","Adult","Depth"
"637",2012-07-01,2012,7,"critical","LOB","LA3","High",0,"Typha","Adult","Depth"
"638",2012-07-01,2012,7,"critical","MC","LA3","High",31,"Typha","Adult","Depth"
"639",2012-07-01,2012,7,"critical","ROB","LA3","High",0,"Typha","Adult","Depth"
"640",2013-07-01,2013,7,"critical","LOB","LA3","High",0,"Typha","Adult","Depth"
"641",2013-07-01,2013,7,"critical","MC","LA3","High",31,"Typha","Adult","Depth"
"642",2013-07-01,2013,7,"critical","ROB","LA3","High",0,"Typha","Adult","Depth"
"643",2014-07-01,2014,7,"critical","LOB","LA3","High",0,"Typha","Adult","Depth"
"644",2014-07-01,2014,7,"critical","MC","LA3","High",31,"Typha","Adult","Depth"
"645",2014-07-01,2014,7,"critical","ROB","LA3","High",0,"Typha","Adult","Depth"
"646",2015-07-01,2015,7,"critical","LOB","LA3","High",0,"Typha","Adult","Depth"
"647",2015-07-01,2015,7,"critical","MC","LA3","High",31,"Typha","Adult","Depth"
"648",2015-07-01,2015,7,"critical","ROB","LA3","High",0,"Typha","Adult","Depth"
"649",2016-07-01,2016,7,"critical","LOB","LA3","High",0,"Typha","Adult","Depth"
"650",2016-07-01,2016,7,"critical","MC","LA3","High",31,"Typha","Adult","Depth"
"651",2016-07-01,2016,7,"critical","ROB","LA3","High",0,"Typha","Adult","Depth"
"652",2010-08-01,2010,8,"critical","LOB","LA3","High",0,"Typha","Adult","Depth"
"653",2010-08-01,2010,8,"critical","MC","LA3","High",31,"Typha","Adult","Depth"
"654",2010-08-01,2010,8,"critical","ROB","LA3","High",0,"Typha","Adult","Depth"
"655",2011-08-01,2011,8,"critical","LOB","LA3","High",0,"Typha","Adult","Depth"
"656",2011-08-01,2011,8,"critical","MC","LA3","High",31,"Typha","Adult","Depth"
"657",2011-08-01,2011,8,"critical","ROB","LA3","High",0,"Typha","Adult","Depth"
"658",2012-08-01,2012,8,"critical","LOB","LA3","High",0,"Typha","Adult","Depth"
"659",2012-08-01,2012,8,"critical","MC","LA3","High",31,"Typha","Adult","Depth"
"660",2012-08-01,2012,8,"critical","ROB","LA3","High",0,"Typha","Adult","Depth"
"661",2013-08-01,2013,8,"critical","LOB","LA3","High",0,"Typha","Adult","Depth"
"662",2013-08-01,2013,8,"critical","MC","LA3","High",31,"Typha","Adult","Depth"
"663",2013-08-01,2013,8,"critical","ROB","LA3","High",0,"Typha","Adult","Depth"
"664",2014-08-01,2014,8,"critical","LOB","LA3","High",0,"Typha","Adult","Depth"
"665",2014-08-01,2014,8,"critical","MC","LA3","High",31,"Typha","Adult","Depth"
"666",2014-08-01,2014,8,"critical","ROB","LA3","High",0,"Typha","Adult","Depth"
"667",2015-08-01,2015,8,"critical","LOB","LA3","High",0,"Typha","Adult","Depth"
"668",2015-08-01,2015,8,"critical","MC","LA3","High",31,"Typha","Adult","Depth"
"669",2015-08-01,2015,8,"critical","ROB","LA3","High",0,"Typha","Adult","Depth"
"670",2016-08-01,2016,8,"critical","LOB","LA3","High",0,"Typha","Adult","Depth"
"671",2016-08-01,2016,8,"critical","MC","LA3","High",31,"Typha","Adult","Depth"
"672",2016-08-01,2016,8,"critical","ROB","LA3","High",0,"Typha","Adult","Depth"
"673",2010-09-01,2010,9,"critical","LOB","LA3","High",0,"Typha","Adult","Depth"
"674",2010-09-01,2010,9,"critical","MC","LA3","High",30,"Typha","Adult","Depth"
"675",2010-09-01,2010,9,"critical","ROB","LA3","High",0,"Typha","Adult","Depth"
"676",2011-09-01,2011,9,"critical","LOB","LA3","High",0,"Typha","Adult","Depth"
"677",2011-09-01,2011,9,"critical","MC","LA3","High",30,"Typha","Adult","Depth"
"678",2011-09-01,2011,9,"critical","ROB","LA3","High",0,"Typha","Adult","Depth"
"679",2012-09-01,2012,9,"critical","LOB","LA3","High",0,"Typha","Adult","Depth"
"680",2012-09-01,2012,9,"critical","MC","LA3","High",30,"Typha","Adult","Depth"
"681",2012-09-01,2012,9,"critical","ROB","LA3","High",0,"Typha","Adult","Depth"
"682",2013-09-01,2013,9,"critical","LOB","LA3","High",0,"Typha","Adult","Depth"
"683",2013-09-01,2013,9,"critical","MC","LA3","High",30,"Typha","Adult","Depth"
"684",2013-09-01,2013,9,"critical","ROB","LA3","High",0,"Typha","Adult","Depth"
"685",2014-09-01,2014,9,"critical","LOB","LA3","High",0,"Typha","Adult","Depth"
"686",2014-09-01,2014,9,"critical","MC","LA3","High",29,"Typha","Adult","Depth"
"687",2014-09-01,2014,9,"critical","ROB","LA3","High",0,"Typha","Adult","Depth"
"688",2015-09-01,2015,9,"critical","LOB","LA3","High",0,"Typha","Adult","Depth"
"689",2015-09-01,2015,9,"critical","MC","LA3","High",30,"Typha","Adult","Depth"
"690",2015-09-01,2015,9,"critical","ROB","LA3","High",0,"Typha","Adult","Depth"
"691",2016-09-01,2016,9,"critical","LOB","LA3","High",0,"Typha","Adult","Depth"
"692",2016-09-01,2016,9,"critical","MC","LA3","High",30,"Typha","Adult","Depth"
"693",2016-09-01,2016,9,"critical","ROB","LA3","High",0,"Typha","Adult","Depth"
"694",2010-10-01,2010,10,"non_critical","LOB","LA3","High",0,"Typha","Adult","Depth"
"695",2010-10-01,2010,10,"non_critical","MC","LA3","High",25,"Typha","Adult","Depth"
"696",2010-10-01,2010,10,"non_critical","ROB","LA3","High",0,"Typha","Adult","Depth"
"697",2011-10-01,2011,10,"non_critical","LOB","LA3","High",0,"Typha","Adult","Depth"
"698",2011-10-01,2011,10,"non_critical","MC","LA3","High",30,"Typha","Adult","Depth"
"699",2011-10-01,2011,10,"non_critical","ROB","LA3","High",0,"Typha","Adult","Depth"
"700",2012-10-01,2012,10,"non_critical","LOB","LA3","High",0,"Typha","Adult","Depth"
"701",2012-10-01,2012,10,"non_critical","MC","LA3","High",30,"Typha","Adult","Depth"
"702",2012-10-01,2012,10,"non_critical","ROB","LA3","High",0,"Typha","Adult","Depth"
"703",2013-10-01,2013,10,"non_critical","LOB","LA3","High",0,"Typha","Adult","Depth"
"704",2013-10-01,2013,10,"non_critical","MC","LA3","High",30,"Typha","Adult","Depth"
"705",2013-10-01,2013,10,"non_critical","ROB","LA3","High",0,"Typha","Adult","Depth"
"706",2014-10-01,2014,10,"non_critical","LOB","LA3","High",0,"Typha","Adult","Depth"
"707",2014-10-01,2014,10,"non_critical","MC","LA3","High",30,"Typha","Adult","Depth"
"708",2014-10-01,2014,10,"non_critical","ROB","LA3","High",0,"Typha","Adult","Depth"
"709",2015-10-01,2015,10,"non_critical","LOB","LA3","High",0,"Typha","Adult","Depth"
"710",2015-10-01,2015,10,"non_critical","MC","LA3","High",28,"Typha","Adult","Depth"
"711",2015-10-01,2015,10,"non_critical","ROB","LA3","High",0,"Typha","Adult","Depth"
"712",2016-10-01,2016,10,"non_critical","LOB","LA3","High",0,"Typha","Adult","Depth"
"713",2016-10-01,2016,10,"non_critical","MC","LA3","High",28,"Typha","Adult","Depth"
"714",2016-10-01,2016,10,"non_critical","ROB","LA3","High",0,"Typha","Adult","Depth"
"715",2010-11-01,2010,11,"non_critical","LOB","LA3","High",0,"Typha","Adult","Depth"
"716",2010-11-01,2010,11,"non_critical","MC","LA3","High",26,"Typha","Adult","Depth"
"717",2010-11-01,2010,11,"non_critical","ROB","LA3","High",0,"Typha","Adult","Depth"
"718",2011-11-01,2011,11,"non_critical","LOB","LA3","High",0,"Typha","Adult","Depth"
"719",2011-11-01,2011,11,"non_critical","MC","LA3","High",26,"Typha","Adult","Depth"
"720",2011-11-01,2011,11,"non_critical","ROB","LA3","High",0,"Typha","Adult","Depth"
"721",2012-11-01,2012,11,"non_critical","LOB","LA3","High",0,"Typha","Adult","Depth"
"722",2012-11-01,2012,11,"non_critical","MC","LA3","High",26,"Typha","Adult","Depth"
"723",2012-11-01,2012,11,"non_critical","ROB","LA3","High",0,"Typha","Adult","Depth"
"724",2013-11-01,2013,11,"non_critical","LOB","LA3","High",0,"Typha","Adult","Depth"
"725",2013-11-01,2013,11,"non_critical","MC","LA3","High",28,"Typha","Adult","Depth"
"726",2013-11-01,2013,11,"non_critical","ROB","LA3","High",0,"Typha","Adult","Depth"
"727",2014-11-01,2014,11,"non_critical","LOB","LA3","High",0,"Typha","Adult","Depth"
"728",2014-11-01,2014,11,"non_critical","MC","LA3","High",28,"Typha","Adult","Depth"
"729",2014-11-01,2014,11,"non_critical","ROB","LA3","High",0,"Typha","Adult","Depth"
"730",2015-11-01,2015,11,"non_critical","LOB","LA3","High",0,"Typha","Adult","Depth"
"731",2015-11-01,2015,11,"non_critical","MC","LA3","High",30,"Typha","Adult","Depth"
"732",2015-11-01,2015,11,"non_critical","ROB","LA3","High",0,"Typha","Adult","Depth"
"733",2016-11-01,2016,11,"non_critical","LOB","LA3","High",0,"Typha","Adult","Depth"
"734",2016-11-01,2016,11,"non_critical","MC","LA3","High",27,"Typha","Adult","Depth"
"735",2016-11-01,2016,11,"non_critical","ROB","LA3","High",0,"Typha","Adult","Depth"
"736",2010-12-01,2010,12,"non_critical","LOB","LA3","High",3,"Typha","Adult","Depth"
"737",2010-12-01,2010,12,"non_critical","MC","LA3","High",18,"Typha","Adult","Depth"
"738",2010-12-01,2010,12,"non_critical","ROB","LA3","High",3,"Typha","Adult","Depth"
"739",2011-12-01,2011,12,"non_critical","LOB","LA3","High",0,"Typha","Adult","Depth"
"740",2011-12-01,2011,12,"non_critical","MC","LA3","High",28,"Typha","Adult","Depth"
"741",2011-12-01,2011,12,"non_critical","ROB","LA3","High",0,"Typha","Adult","Depth"
"742",2012-12-01,2012,12,"non_critical","LOB","LA3","High",1,"Typha","Adult","Depth"
"743",2012-12-01,2012,12,"non_critical","MC","LA3","High",21,"Typha","Adult","Depth"
"744",2012-12-01,2012,12,"non_critical","ROB","LA3","High",1,"Typha","Adult","Depth"
"745",2013-12-01,2013,12,"non_critical","LOB","LA3","High",0,"Typha","Adult","Depth"
"746",2013-12-01,2013,12,"non_critical","MC","LA3","High",29,"Typha","Adult","Depth"
"747",2013-12-01,2013,12,"non_critical","ROB","LA3","High",0,"Typha","Adult","Depth"
"748",2014-12-01,2014,12,"non_critical","LOB","LA3","High",0,"Typha","Adult","Depth"
"749",2014-12-01,2014,12,"non_critical","MC","LA3","High",23,"Typha","Adult","Depth"
"750",2014-12-01,2014,12,"non_critical","ROB","LA3","High",0,"Typha","Adult","Depth"
"751",2015-12-01,2015,12,"non_critical","LOB","LA3","High",0,"Typha","Adult","Depth"
"752",2015-12-01,2015,12,"non_critical","MC","LA3","High",28,"Typha","Adult","Depth"
"753",2015-12-01,2015,12,"non_critical","ROB","LA3","High",0,"Typha","Adult","Depth"
"754",2016-12-01,2016,12,"non_critical","LOB","LA3","High",0,"Typha","Adult","Depth"
"755",2016-12-01,2016,12,"non_critical","MC","LA3","High",23,"Typha","Adult","Depth"
"756",2016-12-01,2016,12,"non_critical","ROB","LA3","High",0,"Typha","Adult","Depth"
